81.4
72.6
68.9
68.5
67.6
68.2
67.8
58.0
58.4
56.7
56.4
55.7
54.8
54.5
53.7
53.1
53.1
52.9
51.7
50.5
50.0
52.2
50.3
51.4
50.1
50.2
49.1
49.0
50.5
49.6
49.9
49.7
49.5
48.5
49.3
48.7
48.8
47.3
48.3
47.9
46.5
46.5
46.1
45.4
44.9
44.8
44.9
45.3
46.6
45.8
45.8
44.2
45.4
43.6
44.2
43.1
43.4
44.1
45.1
43.8
43.7
43.3
44.6
42.8
42.5
43.8
42.3
43.5
41.8
41.2
42.7
43.2
41.8
41.1
41.4
40.7
40.5
41.5
40.1
40.0
40.7
41.5
39.4
40.9
39.1
39.3
39.3
38.8
38.8
39.0
38.4
38.5
39.7
38.2
38.1
39.6
38.4
38.3
38.5
38.5
37.6
37.3
37.7
37.4
37.7
38.1
36.3
37.8
35.9